version https://git-lfs.github.com/spec/v1
oid sha256:b6fece981fb3d9159e5d10b297b6f5b9bfb11ae175700d9516aebd2885602b03
size 500412
